Date,Day,Bus no.,Arrival time,Arrival location,Passengers onboarded(f),Cf,Passengers left (g),cg,Capacity (th),Total (t)
4/14/2018,Sat,a-1,9:00:00 AM,Lagankhel,9,9,0,0,60,9
4/14/2018,Sat,a-1,9:10:00 AM,Jawalakhel,27,36,9,9,60,27
4/14/2018,Sat,a-1,9:15:00 AM,Pulchowk,24,60,2,11,60,49
4/14/2018,Sat,a-1,9:30:00 AM,Kupandole,2,62,6,17,60,45
4/14/2018,Sat,a-1,9:35:00 AM,Thapathali,5,67,4,21,60,46
4/14/2018,Sat,a-1,9:45:00 AM,Tripureshwor,3,70,4,25,60,45
4/14/2018,Sat,a-1,10:00:00 AM,NAC,16,86,6,31,60,55
4/14/2018,Sat,a-1,10:20:00 AM,Jamal,0,86,0,31,60,55
4/14/2018,Sat,a-1,10:40:00 AM,Lazimpat,0,86,0,31,60,55
4/14/2018,Sat,a-1,10:50:00 AM,Panipokhari,1,87,6,37,60,50
4/14/2018,Sat,a-1,10:55:00 AM,Teaching,3,90,5,42,60,48
4/14/2018,Sat,a-1,11:05:00 AM,Narayan Gopal Chowk,3,93,9,51,60,42
4/14/2018,Sat,a-1,11:25:00 AM,Samakhusi,0,93,9,60,60,33
4/14/2018,Sat,a-1,11:30:00 AM,Gongabu,14,107,3,63,60,44
4/14/2018,Sat,a-1,11:35:00 AM,New Buspark,0,107,9,72,60,35
4/14/2018,Sat,a-2,9:45:00 AM,Lagankhel,1,108,8,80,60,28
4/14/2018,Sat,a-2,10:00:00 AM,Jawalakhel,0,108,10,90,60,18
4/14/2018,Sat,a-2,10:15:00 AM,Pulchowk,29,137,9,99,60,38
4/14/2018,Sat,a-2,10:35:00 AM,Kupandole,1,138,4,103,60,35
4/14/2018,Sat,a-2,10:45:00 AM,Thapathali,0,138,3,106,60,32
4/14/2018,Sat,a-2,10:55:00 AM,Tripureshwor,25,163,7,113,60,50
4/14/2018,Sat,a-2,11:15:00 AM,NAC,0,163,3,116,60,47
4/14/2018,Sat,a-2,11:35:00 AM,Jamal,2,165,4,120,60,45
4/14/2018,Sat,a-2,11:50:00 AM,Lazimpat,0,165,9,129,60,36
4/14/2018,Sat,a-2,12:00:00 PM,Panipokhari,16,181,9,138,60,43
4/14/2018,Sat,a-2,12:05:00 PM,Teaching,1,182,3,141,60,41
4/14/2018,Sat,a-2,12:20:00 PM,Narayan Gopal Chowk,31,213,15,156,60,57
4/14/2018,Sat,a-2,12:45:00 PM,Samakhusi,2,215,4,160,60,55
4/14/2018,Sat,a-2,12:55:00 PM,Gongabu,1,216,9,169,60,47
4/14/2018,Sat,a-2,1:00:00 PM,New Buspark,1,217,1,170,60,47
4/14/2018,Sat,a-3,10:30:00 AM,Lagankhel,10,227,8,178,60,49
4/14/2018,Sat,a-3,10:50:00 AM,Jawalakhel,3,230,7,185,60,45
4/14/2018,Sat,a-3,11:05:00 AM,Pulchowk,3,233,9,194,60,39
4/14/2018,Sat,a-3,11:25:00 AM,Kupandole,21,254,10,204,60,50
4/14/2018,Sat,a-3,11:35:00 AM,Thapathali,3,257,8,212,60,45
4/14/2018,Sat,a-3,11:45:00 AM,Tripureshwor,0,257,6,218,60,39
4/14/2018,Sat,a-3,12:05:00 PM,NAC,15,272,5,223,60,49
4/14/2018,Sat,a-3,12:25:00 PM,Jamal,0,272,5,228,60,44
4/14/2018,Sat,a-3,12:45:00 PM,Lazimpat,9,281,10,238,60,43
4/14/2018,Sat,a-3,12:55:00 PM,Panipokhari,0,281,5,243,60,38
4/14/2018,Sat,a-3,1:00:00 PM,Teaching,1,282,5,248,60,34
4/14/2018,Sat,a-3,1:10:00 PM,Narayan Gopal Chowk,5,287,11,259,60,28
4/14/2018,Sat,a-3,1:30:00 PM,Samakhusi,36,323,8,267,60,56
4/14/2018,Sat,a-3,1:35:00 PM,Gongabu,1,324,5,272,60,52
4/14/2018,Sat,a-3,1:40:00 PM,New Buspark,0,324,4,276,60,48
4/14/2018,Sat,a-4,11:15:00 AM,Lagankhel,1,325,6,282,60,43
4/14/2018,Sat,a-4,11:30:00 AM,Jawalakhel,2,327,0,282,60,45
4/14/2018,Sat,a-4,11:35:00 AM,Pulchowk,12,339,9,291,60,48
4/14/2018,Sat,a-4,11:50:00 AM,Kupandole,0,339,6,297,60,42
4/14/2018,Sat,a-4,12:00:00 PM,Thapathali,0,339,6,303,60,36
4/14/2018,Sat,a-4,12:10:00 PM,Tripureshwor,13,352,5,308,60,44
4/14/2018,Sat,a-4,12:20:00 PM,NAC,11,363,7,315,60,48
4/14/2018,Sat,a-4,12:30:00 PM,Jamal,1,364,8,323,60,41
4/14/2018,Sat,a-4,12:55:00 PM,Lazimpat,7,371,10,333,60,38
4/14/2018,Sat,a-4,1:05:00 PM,Panipokhari,0,371,5,338,60,33
4/14/2018,Sat,a-4,1:10:00 PM,Teaching,26,397,5,343,60,54
4/14/2018,Sat,a-4,1:20:00 PM,Narayan Gopal Chowk,5,402,4,347,60,55
4/14/2018,Sat,a-4,1:35:00 PM,Samakhusi,0,402,8,355,60,47
4/14/2018,Sat,a-4,1:40:00 PM,Gongabu,0,402,4,359,60,43
4/14/2018,Sat,a-4,1:45:00 PM,New Buspark,18,420,3,362,60,58
4/14/2018,Sat,a-5,12:00:00 PM,Lagankhel,0,420,9,371,60,49
4/14/2018,Sat,a-5,12:10:00 PM,Jawalakhel,0,420,3,374,60,46
4/14/2018,Sat,a-5,12:15:00 PM,Pulchowk,5,425,5,379,60,46
4/14/2018,Sat,a-5,12:25:00 PM,Kupandole,0,425,9,388,60,37
4/14/2018,Sat,a-5,12:30:00 PM,Thapathali,0,425,1,389,60,36
4/14/2018,Sat,a-5,12:40:00 PM,Tripureshwor,0,425,9,398,60,27
4/14/2018,Sat,a-5,12:50:00 PM,NAC,1,426,10,408,60,18
4/14/2018,Sat,a-5,1:10:00 PM,Jamal,33,459,1,409,60,50
4/14/2018,Sat,a-5,1:30:00 PM,Lazimpat,5,464,0,409,60,55
4/14/2018,Sat,a-5,1:40:00 PM,Panipokhari,0,464,1,410,60,54
4/14/2018,Sat,a-5,1:50:00 PM,Teaching,10,474,4,414,60,60
4/14/2018,Sat,a-5,2:00:00 PM,Narayan Gopal Chowk,0,474,0,414,60,60
4/14/2018,Sat,a-5,2:15:00 PM,Samakhusi,0,474,8,422,60,52
4/14/2018,Sat,a-5,2:20:00 PM,Gongabu,2,476,2,424,60,52
4/14/2018,Sat,a-5,2:25:00 PM,New Buspark,0,476,4,428,60,48
4/15/2018,Sun,a-1,9:00:00 AM,Lagankhel,9,485,4,432,60,53
4/15/2018,Sun,a-1,9:10:00 AM,Jawalakhel,0,485,7,439,60,46
4/15/2018,Sun,a-1,9:15:00 AM,Pulchowk,15,500,5,444,60,56
4/15/2018,Sun,a-1,9:30:00 AM,Kupandole,0,500,10,454,60,46
4/15/2018,Sun,a-1,9:35:00 AM,Thapathali,0,500,3,457,60,43
4/15/2018,Sun,a-1,9:45:00 AM,Tripureshwor,0,500,3,460,60,40
4/15/2018,Sun,a-1,10:00:00 AM,NAC,0,500,8,468,60,32
4/15/2018,Sun,a-1,10:20:00 AM,Jamal,0,500,6,474,60,26
4/15/2018,Sun,a-1,10:40:00 AM,Lazimpat,24,524,7,481,60,43
4/15/2018,Sun,a-1,10:50:00 AM,Panipokhari,1,525,1,482,60,43
4/15/2018,Sun,a-1,10:55:00 AM,Teaching,5,530,9,491,60,39
4/15/2018,Sun,a-1,11:05:00 AM,Narayan Gopal Chowk,18,548,2,493,60,55
4/15/2018,Sun,a-1,11:25:00 AM,Samakhusi,2,550,9,502,60,48
4/15/2018,Sun,a-1,11:30:00 AM,Gongabu,2,552,6,508,60,44
4/15/2018,Sun,a-1,11:35:00 AM,New Buspark,0,552,5,513,60,39
4/15/2018,Sun,a-2,9:45:00 AM,Lagankhel,3,555,2,515,60,40
4/15/2018,Sun,a-2,10:00:00 AM,Jawalakhel,16,571,10,525,60,46
4/15/2018,Sun,a-2,10:15:00 AM,Pulchowk,1,572,7,532,60,40
4/15/2018,Sun,a-2,10:35:00 AM,Kupandole,22,594,9,541,60,53
4/15/2018,Sun,a-2,10:45:00 AM,Thapathali,0,594,4,545,60,49
4/15/2018,Sun,a-2,10:55:00 AM,Tripureshwor,0,594,0,545,60,49
4/15/2018,Sun,a-2,11:15:00 AM,NAC,0,594,0,545,60,49
4/15/2018,Sun,a-2,11:35:00 AM,Jamal,0,594,9,554,60,40
4/15/2018,Sun,a-2,11:50:00 AM,Lazimpat,19,613,3,557,60,56
4/15/2018,Sun,a-2,12:00:00 PM,Panipokhari,0,613,2,559,60,54
4/15/2018,Sun,a-2,12:05:00 PM,Teaching,0,613,5,564,60,49
4/15/2018,Sun,a-2,12:20:00 PM,Narayan Gopal Chowk,1,614,8,572,60,42
4/15/2018,Sun,a-2,12:45:00 PM,Samakhusi,8,622,0,572,60,50
4/15/2018,Sun,a-2,12:55:00 PM,Gongabu,0,622,0,572,60,50
4/15/2018,Sun,a-2,1:00:00 PM,New Buspark,14,636,5,577,60,59
4/15/2018,Sun,a-3,10:30:00 AM,Lagankhel,0,636,5,582,60,54
4/15/2018,Sun,a-3,10:50:00 AM,Jawalakhel,0,636,2,584,60,52
4/15/2018,Sun,a-3,11:05:00 AM,Pulchowk,8,644,1,585,60,59
4/15/2018,Sun,a-3,11:25:00 AM,Kupandole,1,645,8,593,60,52
4/15/2018,Sun,a-3,11:35:00 AM,Thapathali,0,645,2,595,60,50
4/15/2018,Sun,a-3,11:45:00 AM,Tripureshwor,0,645,2,597,60,48
4/15/2018,Sun,a-3,12:05:00 PM,NAC,0,645,7,604,60,41
4/15/2018,Sun,a-3,12:25:00 PM,Jamal,2,647,4,608,60,39
4/15/2018,Sun,a-3,12:45:00 PM,Lazimpat,7,654,0,608,60,46
4/15/2018,Sun,a-3,12:55:00 PM,Panipokhari,0,654,3,611,60,43
4/15/2018,Sun,a-3,1:00:00 PM,Teaching,17,671,5,616,60,55
4/15/2018,Sun,a-3,1:10:00 PM,Narayan Gopal Chowk,10,681,8,624,60,57
4/15/2018,Sun,a-3,1:30:00 PM,Samakhusi,0,681,1,625,60,56
4/15/2018,Sun,a-3,1:35:00 PM,Gongabu,0,681,2,627,60,54
4/15/2018,Sun,a-3,1:40:00 PM,New Buspark,0,681,5,632,60,49
4/15/2018,Sun,a-4,11:15:00 AM,Lagankhel,0,681,4,636,60,45
4/15/2018,Sun,a-4,11:30:00 AM,Jawalakhel,2,683,22,658,60,25
4/15/2018,Sun,a-4,11:35:00 AM,Pulchowk,44,727,10,668,60,59
4/15/2018,Sun,a-4,11:50:00 AM,Kupandole,0,727,4,672,60,55
4/15/2018,Sun,a-4,12:00:00 PM,Thapathali,0,727,9,681,60,46
4/15/2018,Sun,a-4,12:10:00 PM,Tripureshwor,0,727,10,691,60,36
4/15/2018,Sun,a-4,12:20:00 PM,NAC,0,727,0,691,60,36
4/15/2018,Sun,a-4,12:30:00 PM,Jamal,23,750,9,700,60,50
4/15/2018,Sun,a-4,12:55:00 PM,Lazimpat,6,756,2,702,60,54
4/15/2018,Sun,a-4,1:05:00 PM,Panipokhari,9,765,3,705,60,60
4/15/2018,Sun,a-4,1:10:00 PM,Teaching,0,765,2,707,60,58
4/15/2018,Sun,a-4,1:20:00 PM,Narayan Gopal Chowk,0,765,3,710,60,55
4/15/2018,Sun,a-4,1:35:00 PM,Samakhusi,6,771,6,716,60,55
4/15/2018,Sun,a-4,1:40:00 PM,Gongabu,6,777,1,717,60,60
4/15/2018,Sun,a-4,1:45:00 PM,New Buspark,5,782,5,722,60,60
4/15/2018,Sun,a-5,12:00:00 PM,Lagankhel,0,782,0,722,60,60
4/15/2018,Sun,a-5,12:10:00 PM,Jawalakhel,0,782,10,732,60,50
4/15/2018,Sun,a-5,12:15:00 PM,Pulchowk,9,791,2,734,60,57
4/15/2018,Sun,a-5,12:25:00 PM,Kupandole,2,793,8,742,60,51
4/15/2018,Sun,a-5,12:30:00 PM,Thapathali,6,799,7,749,60,50
4/15/2018,Sun,a-5,12:40:00 PM,Tripureshwor,0,799,8,757,60,42
4/15/2018,Sun,a-5,12:50:00 PM,NAC,0,799,4,761,60,38
4/15/2018,Sun,a-5,1:10:00 PM,Jamal,7,806,4,765,60,41
4/15/2018,Sun,a-5,1:30:00 PM,Lazimpat,16,822,3,768,60,54
4/15/2018,Sun,a-5,1:40:00 PM,Panipokhari,9,831,15,783,60,48
4/15/2018,Sun,a-5,1:50:00 PM,Teaching,17,848,9,792,60,56
4/15/2018,Sun,a-5,2:00:00 PM,Narayan Gopal Chowk,0,848,7,799,60,49
4/15/2018,Sun,a-5,2:15:00 PM,Samakhusi,0,848,2,801,60,47
4/15/2018,Sun,a-5,2:20:00 PM,Gongabu,0,848,4,805,60,43
4/15/2018,Sun,a-5,2:25:00 PM,New Buspark,14,862,7,812,60,50
4/16/2018,Mon,a-1,9:00:00 AM,Lagankhel,0,862,9,821,60,41
4/16/2018,Mon,a-1,9:10:00 AM,Jawalakhel,1,863,1,822,60,41
4/16/2018,Mon,a-1,9:15:00 AM,Pulchowk,0,863,4,826,60,37
4/16/2018,Mon,a-1,9:30:00 AM,Kupandole,21,884,8,834,60,50
4/16/2018,Mon,a-1,9:35:00 AM,Thapathali,10,894,2,836,60,58
4/16/2018,Mon,a-1,9:45:00 AM,Tripureshwor,3,897,1,837,60,60
4/16/2018,Mon,a-1,10:00:00 AM,NAC,8,905,8,845,60,60
4/16/2018,Mon,a-1,10:20:00 AM,Jamal,2,907,2,847,60,60
4/16/2018,Mon,a-1,10:40:00 AM,Lazimpat,0,907,5,852,60,55
4/16/2018,Mon,a-1,10:50:00 AM,Panipokhari,8,915,3,855,60,60
4/16/2018,Mon,a-1,10:55:00 AM,Teaching,0,915,0,855,60,60
4/16/2018,Mon,a-1,11:05:00 AM,Narayan Gopal Chowk,0,915,8,863,60,52
4/16/2018,Mon,a-1,11:25:00 AM,Samakhusi,0,915,5,868,60,47
4/16/2018,Mon,a-1,11:30:00 AM,Gongabu,6,921,3,871,60,50
4/16/2018,Mon,a-1,11:35:00 AM,New Buspark,8,929,0,871,60,58
4/16/2018,Mon,a-2,9:45:00 AM,Lagankhel,0,929,3,874,60,55
4/16/2018,Mon,a-2,10:00:00 AM,Jawalakhel,0,929,1,875,60,54
4/16/2018,Mon,a-2,10:15:00 AM,Pulchowk,0,929,4,879,60,50
4/16/2018,Mon,a-2,10:35:00 AM,Kupandole,0,929,0,879,60,50
4/16/2018,Mon,a-2,10:45:00 AM,Thapathali,23,952,15,894,60,58
4/16/2018,Mon,a-2,10:55:00 AM,Tripureshwor,0,952,1,895,60,57
4/16/2018,Mon,a-2,11:15:00 AM,NAC,3,955,20,915,60,40
4/16/2018,Mon,a-2,11:35:00 AM,Jamal,4,959,4,919,60,40
4/16/2018,Mon,a-2,11:50:00 AM,Lazimpat,13,972,3,922,60,50
4/16/2018,Mon,a-2,12:00:00 PM,Panipokhari,0,972,10,932,60,40
4/16/2018,Mon,a-2,12:05:00 PM,Teaching,17,989,7,939,60,50
4/16/2018,Mon,a-2,12:20:00 PM,Narayan Gopal Chowk,1,990,8,947,60,43
4/16/2018,Mon,a-2,12:45:00 PM,Samakhusi,15,1005,2,949,60,56
4/16/2018,Mon,a-2,12:55:00 PM,Gongabu,0,1005,0,949,60,56
4/16/2018,Mon,a-2,1:00:00 PM,New Buspark,17,1022,15,964,60,58
4/16/2018,Mon,a-3,10:30:00 AM,Lagankhel,0,1022,3,967,60,55
4/16/2018,Mon,a-3,10:50:00 AM,Jawalakhel,0,1022,8,975,60,47
4/16/2018,Mon,a-3,11:05:00 AM,Pulchowk,0,1022,0,975,60,47
4/16/2018,Mon,a-3,11:25:00 AM,Kupandole,0,1022,1,976,60,46
4/16/2018,Mon,a-3,11:35:00 AM,Thapathali,20,1042,8,984,60,58
4/16/2018,Mon,a-3,11:45:00 AM,Tripureshwor,9,1051,8,992,60,59
4/16/2018,Mon,a-3,12:05:00 PM,NAC,0,1051,0,992,60,59
4/16/2018,Mon,a-3,12:25:00 PM,Jamal,1,1052,5,997,60,55
4/16/2018,Mon,a-3,12:45:00 PM,Lazimpat,11,1063,7,1004,60,59
4/16/2018,Mon,a-3,12:55:00 PM,Panipokhari,0,1063,4,1008,60,55
4/16/2018,Mon,a-3,1:00:00 PM,Teaching,1,1064,7,1015,60,49
4/16/2018,Mon,a-3,1:10:00 PM,Narayan Gopal Chowk,11,1075,10,1025,60,50
4/16/2018,Mon,a-3,1:30:00 PM,Samakhusi,0,1075,2,1027,60,48
4/16/2018,Mon,a-3,1:35:00 PM,Gongabu,5,1080,3,1030,60,50
4/16/2018,Mon,a-3,1:40:00 PM,New Buspark,3,1083,5,1035,60,48
4/16/2018,Mon,a-4,11:15:00 AM,Lagankhel,2,1085,5,1040,60,45
4/16/2018,Mon,a-4,11:30:00 AM,Jawalakhel,0,1085,10,1050,60,35
4/16/2018,Mon,a-4,11:35:00 AM,Pulchowk,27,1112,2,1052,60,60
4/16/2018,Mon,a-4,11:50:00 AM,Kupandole,0,1112,6,1058,60,54
4/16/2018,Mon,a-4,12:00:00 PM,Thapathali,1,1113,5,1063,60,50
4/16/2018,Mon,a-4,12:10:00 PM,Tripureshwor,0,1113,5,1068,60,45
4/16/2018,Mon,a-4,12:20:00 PM,NAC,0,1113,0,1068,60,45
4/16/2018,Mon,a-4,12:30:00 PM,Jamal,6,1119,8,1076,60,43
4/16/2018,Mon,a-4,12:55:00 PM,Lazimpat,1,1120,4,1080,60,40
4/16/2018,Mon,a-4,1:05:00 PM,Panipokhari,9,1129,8,1088,60,41
4/16/2018,Mon,a-4,1:10:00 PM,Teaching,0,1129,2,1090,60,39
4/16/2018,Mon,a-4,1:20:00 PM,Narayan Gopal Chowk,0,1129,4,1094,60,35
4/16/2018,Mon,a-4,1:35:00 PM,Samakhusi,7,1136,10,1104,60,32
4/16/2018,Mon,a-4,1:40:00 PM,Gongabu,18,1154,8,1112,60,42
4/16/2018,Mon,a-4,1:45:00 PM,New Buspark,2,1156,9,1121,60,35
4/16/2018,Mon,a-5,12:00:00 PM,Lagankhel,19,1175,8,1129,60,46
4/16/2018,Mon,a-5,12:10:00 PM,Jawalakhel,0,1175,1,1130,60,45
4/16/2018,Mon,a-5,12:15:00 PM,Pulchowk,0,1175,4,1134,60,41
4/16/2018,Mon,a-5,12:25:00 PM,Kupandole,4,1179,6,1140,60,39
4/16/2018,Mon,a-5,12:30:00 PM,Thapathali,17,1196,5,1145,60,51
4/16/2018,Mon,a-5,12:40:00 PM,Tripureshwor,14,1210,6,1151,60,59
4/16/2018,Mon,a-5,12:50:00 PM,NAC,0,1210,0,1151,60,59
4/16/2018,Mon,a-5,1:10:00 PM,Jamal,5,1215,4,1155,60,60
4/16/2018,Mon,a-5,1:30:00 PM,Lazimpat,0,1215,0,1155,60,60
4/16/2018,Mon,a-5,1:40:00 PM,Panipokhari,1,1216,6,1161,60,55
4/16/2018,Mon,a-5,1:50:00 PM,Teaching,0,1216,20,1181,60,35
4/16/2018,Mon,a-5,2:00:00 PM,Narayan Gopal Chowk,20,1236,6,1187,60,49
4/16/2018,Mon,a-5,2:15:00 PM,Samakhusi,1,1237,0,1187,60,50
4/16/2018,Mon,a-5,2:20:00 PM,Gongabu,0,1237,0,1187,60,50
4/16/2018,Mon,a-5,2:25:00 PM,New Buspark,0,1237,1,1188,60,49
4/17/2018,Tue,a-1,9:00:00 AM,Lagankhel,0,1237,10,1198,60,39
4/17/2018,Tue,a-1,9:10:00 AM,Jawalakhel,3,1240,0,1198,60,42
4/17/2018,Tue,a-1,9:15:00 AM,Pulchowk,7,1247,8,1206,60,41
4/17/2018,Tue,a-1,9:30:00 AM,Kupandole,1,1248,4,1210,60,38
4/17/2018,Tue,a-1,9:35:00 AM,Thapathali,5,1253,7,1217,60,36
4/17/2018,Tue,a-1,9:45:00 AM,Tripureshwor,7,1260,5,1222,60,38
4/17/2018,Tue,a-1,10:00:00 AM,NAC,26,1286,5,1227,60,59
4/17/2018,Tue,a-1,10:20:00 AM,Jamal,0,1286,10,1237,60,49
4/17/2018,Tue,a-1,10:40:00 AM,Lazimpat,1,1287,10,1247,60,40
4/17/2018,Tue,a-1,10:50:00 AM,Panipokhari,5,1292,5,1252,60,40
4/17/2018,Tue,a-1,10:55:00 AM,Teaching,19,1311,4,1256,60,55
4/17/2018,Tue,a-1,11:05:00 AM,Narayan Gopal Chowk,0,1311,3,1259,60,52
4/17/2018,Tue,a-1,11:25:00 AM,Samakhusi,3,1314,8,1267,60,47
4/17/2018,Tue,a-1,11:30:00 AM,Gongabu,12,1326,2,1269,60,57
4/17/2018,Tue,a-1,11:35:00 AM,New Buspark,2,1328,9,1278,60,50
4/17/2018,Tue,a-2,9:45:00 AM,Lagankhel,0,1328,0,1278,60,50
4/17/2018,Tue,a-2,10:00:00 AM,Jawalakhel,0,1328,10,1288,60,40
4/17/2018,Tue,a-2,10:15:00 AM,Pulchowk,26,1354,8,1296,60,58
4/17/2018,Tue,a-2,10:35:00 AM,Kupandole,0,1354,5,1301,60,53
4/17/2018,Tue,a-2,10:45:00 AM,Thapathali,0,1354,10,1311,60,43
4/17/2018,Tue,a-2,10:55:00 AM,Tripureshwor,0,1354,3,1314,60,40
4/17/2018,Tue,a-2,11:15:00 AM,NAC,2,1356,7,1321,60,35
4/17/2018,Tue,a-2,11:35:00 AM,Jamal,18,1374,5,1326,60,48
4/17/2018,Tue,a-2,11:50:00 AM,Lazimpat,0,1374,4,1330,60,44
4/17/2018,Tue,a-2,12:00:00 PM,Panipokhari,0,1374,6,1336,60,38
4/17/2018,Tue,a-2,12:05:00 PM,Teaching,28,1402,9,1345,60,57
4/17/2018,Tue,a-2,12:20:00 PM,Narayan Gopal Chowk,0,1402,6,1351,60,51
4/17/2018,Tue,a-2,12:45:00 PM,Samakhusi,5,1407,0,1351,60,56
4/17/2018,Tue,a-2,12:55:00 PM,Gongabu,0,1407,7,1358,60,49
4/17/2018,Tue,a-2,1:00:00 PM,New Buspark,0,1407,3,1361,60,46
4/17/2018,Tue,a-3,10:30:00 AM,Lagankhel,11,1418,6,1367,60,51
4/17/2018,Tue,a-3,10:50:00 AM,Jawalakhel,1,1419,3,1370,60,49
4/17/2018,Tue,a-3,11:05:00 AM,Pulchowk,0,1419,6,1376,60,43
4/17/2018,Tue,a-3,11:25:00 AM,Kupandole,13,1432,10,1386,60,46
4/17/2018,Tue,a-3,11:35:00 AM,Thapathali,15,1447,3,1389,60,58
4/17/2018,Tue,a-3,11:45:00 AM,Tripureshwor,0,1447,8,1397,60,50
4/17/2018,Tue,a-3,12:05:00 PM,NAC,0,1447,10,1407,60,40
4/17/2018,Tue,a-3,12:25:00 PM,Jamal,0,1447,1,1408,60,39
4/17/2018,Tue,a-3,12:45:00 PM,Lazimpat,0,1447,5,1413,60,34
4/17/2018,Tue,a-3,12:55:00 PM,Panipokhari,4,1451,8,1421,60,30
4/17/2018,Tue,a-3,1:00:00 PM,Teaching,16,1467,8,1429,60,38
4/17/2018,Tue,a-3,1:10:00 PM,Narayan Gopal Chowk,22,1489,4,1433,60,56
4/17/2018,Tue,a-3,1:30:00 PM,Samakhusi,11,1500,7,1440,60,60
4/17/2018,Tue,a-3,1:35:00 PM,Gongabu,0,1500,9,1449,60,51
4/17/2018,Tue,a-3,1:40:00 PM,New Buspark,0,1500,3,1452,60,48
4/17/2018,Tue,a-4,11:15:00 AM,Lagankhel,21,1521,9,1461,60,60
4/17/2018,Tue,a-4,11:30:00 AM,Jawalakhel,0,1521,7,1468,60,53
4/17/2018,Tue,a-4,11:35:00 AM,Pulchowk,1,1522,0,1468,60,54
4/17/2018,Tue,a-4,11:50:00 AM,Kupandole,0,1522,10,1478,60,44
4/17/2018,Tue,a-4,12:00:00 PM,Thapathali,16,1538,5,1483,60,55
4/17/2018,Tue,a-4,12:10:00 PM,Tripureshwor,1,1539,8,1491,60,48
4/17/2018,Tue,a-4,12:20:00 PM,NAC,0,1539,4,1495,60,44
4/17/2018,Tue,a-4,12:30:00 PM,Jamal,0,1539,3,1498,60,41
4/17/2018,Tue,a-4,12:55:00 PM,Lazimpat,1,1540,0,1498,60,42
4/17/2018,Tue,a-4,1:05:00 PM,Panipokhari,23,1563,7,1505,60,58
4/17/2018,Tue,a-4,1:10:00 PM,Teaching,2,1565,3,1508,60,57
4/17/2018,Tue,a-4,1:20:00 PM,Narayan Gopal Chowk,0,1565,9,1517,60,48
4/17/2018,Tue,a-4,1:35:00 PM,Samakhusi,3,1568,6,1523,60,45
4/17/2018,Tue,a-4,1:40:00 PM,Gongabu,0,1568,10,1533,60,35
4/17/2018,Tue,a-4,1:45:00 PM,New Buspark,14,1582,0,1533,60,49
4/17/2018,Tue,a-5,12:00:00 PM,Lagankhel,3,1585,8,1541,60,44
4/17/2018,Tue,a-5,12:10:00 PM,Jawalakhel,0,1585,0,1541,60,44
4/17/2018,Tue,a-5,12:15:00 PM,Pulchowk,16,1601,9,1550,60,51
4/17/2018,Tue,a-5,12:25:00 PM,Kupandole,4,1605,10,1560,60,45
4/17/2018,Tue,a-5,12:30:00 PM,Thapathali,13,1618,8,1568,60,50
4/17/2018,Tue,a-5,12:40:00 PM,Tripureshwor,11,1629,4,1572,60,57
4/17/2018,Tue,a-5,12:50:00 PM,NAC,0,1629,0,1572,60,57
4/17/2018,Tue,a-5,1:10:00 PM,Jamal,0,1629,6,1578,60,51
4/17/2018,Tue,a-5,1:30:00 PM,Lazimpat,0,1629,8,1586,60,43
4/17/2018,Tue,a-5,1:40:00 PM,Panipokhari,0,1629,4,1590,60,39
4/17/2018,Tue,a-5,1:50:00 PM,Teaching,0,1629,2,1592,60,37
4/17/2018,Tue,a-5,2:00:00 PM,Narayan Gopal Chowk,20,1649,6,1598,60,51
4/17/2018,Tue,a-5,2:15:00 PM,Samakhusi,16,1665,10,1608,60,57
4/17/2018,Tue,a-5,2:20:00 PM,Gongabu,0,1665,0,1608,60,57
4/17/2018,Tue,a-5,2:25:00 PM,New Buspark,2,1667,0,1608,60,59
4/18/2018,Wed,a-1,9:00:00 AM,Lagankhel,0,1667,4,1612,60,55
4/18/2018,Wed,a-1,9:10:00 AM,Jawalakhel,0,1667,7,1619,60,48
4/18/2018,Wed,a-1,9:15:00 AM,Pulchowk,0,1667,8,1627,60,40
4/18/2018,Wed,a-1,9:30:00 AM,Kupandole,0,1667,2,1629,60,38
4/18/2018,Wed,a-1,9:35:00 AM,Thapathali,19,1686,3,1632,60,54
4/18/2018,Wed,a-1,9:45:00 AM,Tripureshwor,0,1686,6,1638,60,48
4/18/2018,Wed,a-1,10:00:00 AM,NAC,8,1694,8,1646,60,48
4/18/2018,Wed,a-1,10:20:00 AM,Jamal,0,1694,9,1655,60,39
4/18/2018,Wed,a-1,10:40:00 AM,Lazimpat,0,1694,10,1665,60,29
4/18/2018,Wed,a-1,10:50:00 AM,Panipokhari,13,1707,0,1665,60,42
4/18/2018,Wed,a-1,10:55:00 AM,Teaching,12,1719,3,1668,60,51
4/18/2018,Wed,a-1,11:05:00 AM,Narayan Gopal Chowk,0,1719,0,1668,60,51
4/18/2018,Wed,a-1,11:25:00 AM,Samakhusi,2,1721,7,1675,60,46
4/18/2018,Wed,a-1,11:30:00 AM,Gongabu,2,1723,4,1679,60,44
4/18/2018,Wed,a-1,11:35:00 AM,New Buspark,3,1726,7,1686,60,40
4/18/2018,Wed,a-2,9:45:00 AM,Lagankhel,0,1726,10,1696,60,30
4/18/2018,Wed,a-2,10:00:00 AM,Jawalakhel,10,1736,7,1703,60,33
4/18/2018,Wed,a-2,10:15:00 AM,Pulchowk,1,1737,6,1709,60,28
4/18/2018,Wed,a-2,10:35:00 AM,Kupandole,21,1758,10,1719,60,39
4/18/2018,Wed,a-2,10:45:00 AM,Thapathali,8,1766,0,1719,60,47
4/18/2018,Wed,a-2,10:55:00 AM,Tripureshwor,8,1774,5,1724,60,50
4/18/2018,Wed,a-2,11:15:00 AM,NAC,0,1774,10,1734,60,40
4/18/2018,Wed,a-2,11:35:00 AM,Jamal,17,1791,5,1739,60,52
4/18/2018,Wed,a-2,11:50:00 AM,Lazimpat,0,1791,2,1741,60,50
4/18/2018,Wed,a-2,12:00:00 PM,Panipokhari,3,1794,8,1749,60,45
4/18/2018,Wed,a-2,12:05:00 PM,Teaching,0,1794,2,1751,60,43
4/18/2018,Wed,a-2,12:20:00 PM,Narayan Gopal Chowk,0,1794,4,1755,60,39
4/18/2018,Wed,a-2,12:45:00 PM,Samakhusi,4,1798,0,1755,60,43
4/18/2018,Wed,a-2,12:55:00 PM,Gongabu,3,1801,6,1761,60,40
4/18/2018,Wed,a-2,1:00:00 PM,New Buspark,20,1821,8,1769,60,52
4/18/2018,Wed,a-3,10:30:00 AM,Lagankhel,0,1821,0,1769,60,52
4/18/2018,Wed,a-3,10:50:00 AM,Jawalakhel,7,1828,2,1771,60,57
4/18/2018,Wed,a-3,11:05:00 AM,Pulchowk,0,1828,1,1772,60,56
4/18/2018,Wed,a-3,11:25:00 AM,Kupandole,0,1828,0,1772,60,56
4/18/2018,Wed,a-3,11:35:00 AM,Thapathali,0,1828,5,1777,60,51
4/18/2018,Wed,a-3,11:45:00 AM,Tripureshwor,15,1843,7,1784,60,59
4/18/2018,Wed,a-3,12:05:00 PM,NAC,1,1844,3,1787,60,57
4/18/2018,Wed,a-3,12:25:00 PM,Jamal,0,1844,8,1795,60,49
4/18/2018,Wed,a-3,12:45:00 PM,Lazimpat,0,1844,7,1802,60,42
4/18/2018,Wed,a-3,12:55:00 PM,Panipokhari,1,1845,0,1802,60,43
4/18/2018,Wed,a-3,1:00:00 PM,Teaching,0,1845,2,1804,60,41
4/18/2018,Wed,a-3,1:10:00 PM,Narayan Gopal Chowk,24,1869,10,1814,60,55
4/18/2018,Wed,a-3,1:30:00 PM,Samakhusi,1,1870,8,1822,60,48
4/18/2018,Wed,a-3,1:35:00 PM,Gongabu,11,1881,0,1822,60,59
4/18/2018,Wed,a-3,1:40:00 PM,New Buspark,0,1881,7,1829,60,52
4/18/2018,Wed,a-4,11:15:00 AM,Lagankhel,1,1882,1,1830,60,52
4/18/2018,Wed,a-4,11:30:00 AM,Jawalakhel,1,1883,10,1840,60,43
4/18/2018,Wed,a-4,11:35:00 AM,Pulchowk,0,1883,1,1841,60,42
4/18/2018,Wed,a-4,11:50:00 AM,Kupandole,11,1894,12,1853,60,41
4/18/2018,Wed,a-4,12:00:00 PM,Thapathali,9,1903,6,1859,60,44
4/18/2018,Wed,a-4,12:10:00 PM,Tripureshwor,12,1915,8,1867,60,48
4/18/2018,Wed,a-4,12:20:00 PM,NAC,3,1918,13,1880,60,38
4/18/2018,Wed,a-4,12:30:00 PM,Jamal,16,1934,8,1888,60,46
4/18/2018,Wed,a-4,12:55:00 PM,Lazimpat,0,1934,7,1895,60,39
4/18/2018,Wed,a-4,1:05:00 PM,Panipokhari,15,1949,10,1905,60,44
4/18/2018,Wed,a-4,1:10:00 PM,Teaching,0,1949,4,1909,60,40
4/18/2018,Wed,a-4,1:20:00 PM,Narayan Gopal Chowk,0,1949,10,1919,60,30
4/18/2018,Wed,a-4,1:35:00 PM,Samakhusi,0,1949,2,1921,60,28
4/18/2018,Wed,a-4,1:40:00 PM,Gongabu,36,1985,8,1929,60,56
4/18/2018,Wed,a-4,1:45:00 PM,New Buspark,0,1985,1,1930,60,55
4/18/2018,Wed,a-5,12:00:00 PM,Lagankhel,0,1985,6,1936,60,49
4/18/2018,Wed,a-5,12:10:00 PM,Jawalakhel,0,1985,3,1939,60,46
4/18/2018,Wed,a-5,12:15:00 PM,Pulchowk,0,1985,3,1942,60,43
4/18/2018,Wed,a-5,12:25:00 PM,Kupandole,0,1985,10,1952,60,33
4/18/2018,Wed,a-5,12:30:00 PM,Thapathali,24,2009,4,1956,60,53
4/18/2018,Wed,a-5,12:40:00 PM,Tripureshwor,0,2009,8,1964,60,45
4/18/2018,Wed,a-5,12:50:00 PM,NAC,8,2017,2,1966,60,51
4/18/2018,Wed,a-5,1:10:00 PM,Jamal,0,2017,8,1974,60,43
4/18/2018,Wed,a-5,1:30:00 PM,Lazimpat,16,2033,4,1978,60,55
4/18/2018,Wed,a-5,1:40:00 PM,Panipokhari,0,2033,10,1988,60,45
4/18/2018,Wed,a-5,1:50:00 PM,Teaching,3,2036,3,1991,60,45
4/18/2018,Wed,a-5,2:00:00 PM,Narayan Gopal Chowk,18,2054,9,2000,60,54
4/18/2018,Wed,a-5,2:15:00 PM,Samakhusi,13,2067,7,2007,60,60
4/18/2018,Wed,a-5,2:20:00 PM,Gongabu,5,2072,8,2015,60,57
4/18/2018,Wed,a-5,2:25:00 PM,New Buspark,0,2072,6,2021,60,51
4/19/2018,Thu,a-1,9:00:00 AM,Lagankhel,0,2072,7,2028,60,44
4/19/2018,Thu,a-1,9:10:00 AM,Jawalakhel,1,2073,2,2030,60,43
4/19/2018,Thu,a-1,9:15:00 AM,Pulchowk,3,2076,0,2030,60,46
4/19/2018,Thu,a-1,9:30:00 AM,Kupandole,0,2076,8,2038,60,38
4/19/2018,Thu,a-1,9:35:00 AM,Thapathali,0,2076,4,2042,60,34
4/19/2018,Thu,a-1,9:45:00 AM,Tripureshwor,7,2083,1,2043,60,40
4/19/2018,Thu,a-1,10:00:00 AM,NAC,5,2088,0,2043,60,45
4/19/2018,Thu,a-1,10:20:00 AM,Jamal,1,2089,5,2048,60,41
4/19/2018,Thu,a-1,10:40:00 AM,Lazimpat,23,2112,5,2053,60,59
4/19/2018,Thu,a-1,10:50:00 AM,Panipokhari,0,2112,5,2058,60,54
4/19/2018,Thu,a-1,10:55:00 AM,Teaching,0,2112,5,2063,60,49
4/19/2018,Thu,a-1,11:05:00 AM,Narayan Gopal Chowk,10,2122,0,2063,60,59
4/19/2018,Thu,a-1,11:25:00 AM,Samakhusi,0,2122,2,2065,60,57
4/19/2018,Thu,a-1,11:30:00 AM,Gongabu,1,2123,2,2067,60,56
4/19/2018,Thu,a-1,11:35:00 AM,New Buspark,0,2123,0,2067,60,56
4/19/2018,Thu,a-2,9:45:00 AM,Lagankhel,2,2125,6,2073,60,52
4/19/2018,Thu,a-2,10:00:00 AM,Jawalakhel,0,2125,10,2083,60,42
4/19/2018,Thu,a-2,10:15:00 AM,Pulchowk,0,2125,8,2091,60,34
4/19/2018,Thu,a-2,10:35:00 AM,Kupandole,0,2125,1,2092,60,33
4/19/2018,Thu,a-2,10:45:00 AM,Thapathali,29,2154,5,2097,60,57
4/19/2018,Thu,a-2,10:55:00 AM,Tripureshwor,6,2160,5,2102,60,58
4/19/2018,Thu,a-2,11:15:00 AM,NAC,0,2160,4,2106,60,54
4/19/2018,Thu,a-2,11:35:00 AM,Jamal,3,2163,3,2109,60,54
4/19/2018,Thu,a-2,11:50:00 AM,Lazimpat,0,2163,1,2110,60,53
4/19/2018,Thu,a-2,12:00:00 PM,Panipokhari,1,2164,1,2111,60,53
4/19/2018,Thu,a-2,12:05:00 PM,Teaching,0,2164,5,2116,60,48
4/19/2018,Thu,a-2,12:20:00 PM,Narayan Gopal Chowk,2,2166,11,2127,60,39
4/19/2018,Thu,a-2,12:45:00 PM,Samakhusi,5,2171,5,2132,60,39
4/19/2018,Thu,a-2,12:55:00 PM,Gongabu,26,2197,12,2144,60,53
4/19/2018,Thu,a-2,1:00:00 PM,New Buspark,4,2201,10,2154,60,47
4/19/2018,Thu,a-3,10:30:00 AM,Lagankhel,0,2201,4,2158,60,43
4/19/2018,Thu,a-3,10:50:00 AM,Jawalakhel,24,2225,8,2166,60,59
4/19/2018,Thu,a-3,11:05:00 AM,Pulchowk,3,2228,5,2171,60,57
4/19/2018,Thu,a-3,11:25:00 AM,Kupandole,0,2228,10,2181,60,47
4/19/2018,Thu,a-3,11:35:00 AM,Thapathali,22,2250,11,2192,60,58
4/19/2018,Thu,a-3,11:45:00 AM,Tripureshwor,1,2251,4,2196,60,55
4/19/2018,Thu,a-3,12:05:00 PM,NAC,1,2252,7,2203,60,49
4/19/2018,Thu,a-3,12:25:00 PM,Jamal,0,2252,5,2208,60,44
4/19/2018,Thu,a-3,12:45:00 PM,Lazimpat,0,2252,7,2215,60,37
4/19/2018,Thu,a-3,12:55:00 PM,Panipokhari,0,2252,4,2219,60,33
4/19/2018,Thu,a-3,1:00:00 PM,Teaching,32,2284,7,2226,60,58
4/19/2018,Thu,a-3,1:10:00 PM,Narayan Gopal Chowk,0,2284,10,2236,60,48
4/19/2018,Thu,a-3,1:30:00 PM,Samakhusi,0,2284,1,2237,60,47
4/19/2018,Thu,a-3,1:35:00 PM,Gongabu,20,2304,9,2246,60,58
4/19/2018,Thu,a-3,1:40:00 PM,New Buspark,0,2304,6,2252,60,52
4/19/2018,Thu,a-4,11:15:00 AM,Lagankhel,0,2304,3,2255,60,49
4/19/2018,Thu,a-4,11:30:00 AM,Jawalakhel,0,2304,1,2256,60,48
4/19/2018,Thu,a-4,11:35:00 AM,Pulchowk,0,2304,7,2263,60,41
4/19/2018,Thu,a-4,11:50:00 AM,Kupandole,29,2333,10,2273,60,60
4/19/2018,Thu,a-4,12:00:00 PM,Thapathali,0,2333,7,2280,60,53
4/19/2018,Thu,a-4,12:10:00 PM,Tripureshwor,15,2348,10,2290,60,58
4/19/2018,Thu,a-4,12:20:00 PM,NAC,0,2348,10,2300,60,48
4/19/2018,Thu,a-4,12:30:00 PM,Jamal,5,2353,7,2307,60,46
4/19/2018,Thu,a-4,12:55:00 PM,Lazimpat,2,2355,5,2312,60,43
4/19/2018,Thu,a-4,1:05:00 PM,Panipokhari,0,2355,10,2322,60,33
4/19/2018,Thu,a-4,1:10:00 PM,Teaching,0,2355,6,2328,60,27
4/19/2018,Thu,a-4,1:20:00 PM,Narayan Gopal Chowk,38,2393,8,2336,60,57
4/19/2018,Thu,a-4,1:35:00 PM,Samakhusi,1,2394,10,2346,60,48
4/19/2018,Thu,a-4,1:40:00 PM,Gongabu,2,2396,3,2349,60,47
4/19/2018,Thu,a-4,1:45:00 PM,New Buspark,0,2396,8,2357,60,39
4/19/2018,Thu,a-5,12:00:00 PM,Lagankhel,0,2396,7,2364,60,32
4/19/2018,Thu,a-5,12:10:00 PM,Jawalakhel,28,2424,7,2371,60,53
4/19/2018,Thu,a-5,12:15:00 PM,Pulchowk,6,2430,0,2371,60,59
4/19/2018,Thu,a-5,12:25:00 PM,Kupandole,0,2430,9,2380,60,50
4/19/2018,Thu,a-5,12:30:00 PM,Thapathali,0,2430,6,2386,60,44
4/19/2018,Thu,a-5,12:40:00 PM,Tripureshwor,17,2447,6,2392,60,55
4/19/2018,Thu,a-5,12:50:00 PM,NAC,0,2447,4,2396,60,51
4/19/2018,Thu,a-5,1:10:00 PM,Jamal,0,2447,8,2404,60,43
4/19/2018,Thu,a-5,1:30:00 PM,Lazimpat,0,2447,1,2405,60,42
4/19/2018,Thu,a-5,1:40:00 PM,Panipokhari,9,2456,2,2407,60,49
4/19/2018,Thu,a-5,1:50:00 PM,Teaching,9,2465,1,2408,60,57
4/19/2018,Thu,a-5,2:00:00 PM,Narayan Gopal Chowk,0,2465,8,2416,60,49
4/19/2018,Thu,a-5,2:15:00 PM,Samakhusi,9,2474,3,2419,60,55
4/19/2018,Thu,a-5,2:20:00 PM,Gongabu,0,2474,8,2427,60,47
4/19/2018,Thu,a-5,2:25:00 PM,New Buspark,0,2474,9,2436,60,38
4/20/2018,Fri,a-1,9:00:00 AM,Lagankhel,9,2483,2,2438,60,45
4/20/2018,Fri,a-1,9:10:00 AM,Jawalakhel,0,2483,10,2448,60,35
4/20/2018,Fri,a-1,9:15:00 AM,Pulchowk,0,2483,0,2448,60,35
4/20/2018,Fri,a-1,9:30:00 AM,Kupandole,19,2502,0,2448,60,54
4/20/2018,Fri,a-1,9:35:00 AM,Thapathali,16,2518,10,2458,60,60
4/20/2018,Fri,a-1,9:45:00 AM,Tripureshwor,0,2518,2,2460,60,58
4/20/2018,Fri,a-1,10:00:00 AM,NAC,0,2518,6,2466,60,52
4/20/2018,Fri,a-1,10:20:00 AM,Jamal,0,2518,5,2471,60,47
4/20/2018,Fri,a-1,10:40:00 AM,Lazimpat,1,2519,9,2480,60,39
4/20/2018,Fri,a-1,10:50:00 AM,Panipokhari,19,2538,10,2490,60,48
4/20/2018,Fri,a-1,10:55:00 AM,Teaching,0,2538,9,2499,60,39
4/20/2018,Fri,a-1,11:05:00 AM,Narayan Gopal Chowk,16,2554,7,2506,60,48
4/20/2018,Fri,a-1,11:25:00 AM,Samakhusi,11,2565,8,2514,60,51
4/20/2018,Fri,a-1,11:30:00 AM,Gongabu,0,2565,10,2524,60,41
4/20/2018,Fri,a-1,11:35:00 AM,New Buspark,20,2585,10,2534,60,51
4/20/2018,Fri,a-2,9:45:00 AM,Lagankhel,0,2585,10,2544,60,41
4/20/2018,Fri,a-2,10:00:00 AM,Jawalakhel,14,2599,4,2548,60,51
4/20/2018,Fri,a-2,10:15:00 AM,Pulchowk,2,2601,3,2551,60,50
4/20/2018,Fri,a-2,10:35:00 AM,Kupandole,5,2606,8,2559,60,47
4/20/2018,Fri,a-2,10:45:00 AM,Thapathali,1,2607,6,2565,60,42
4/20/2018,Fri,a-2,10:55:00 AM,Tripureshwor,0,2607,0,2565,60,42
4/20/2018,Fri,a-2,11:15:00 AM,NAC,0,2607,10,2575,60,32
4/20/2018,Fri,a-2,11:35:00 AM,Jamal,19,2626,1,2576,60,50
4/20/2018,Fri,a-2,11:50:00 AM,Lazimpat,0,2626,9,2585,60,41
4/20/2018,Fri,a-2,12:00:00 PM,Panipokhari,6,2632,8,2593,60,39
4/20/2018,Fri,a-2,12:05:00 PM,Teaching,23,2655,10,2603,60,52
4/20/2018,Fri,a-2,12:20:00 PM,Narayan Gopal Chowk,0,2655,8,2611,60,44
4/20/2018,Fri,a-2,12:45:00 PM,Samakhusi,13,2668,7,2618,60,50
4/20/2018,Fri,a-2,12:55:00 PM,Gongabu,0,2668,1,2619,60,49
4/20/2018,Fri,a-2,1:00:00 PM,New Buspark,2,2670,3,2622,60,48
4/20/2018,Fri,a-3,10:30:00 AM,Lagankhel,4,2674,9,2631,60,43
4/20/2018,Fri,a-3,10:50:00 AM,Jawalakhel,13,2687,7,2638,60,49
4/20/2018,Fri,a-3,11:05:00 AM,Pulchowk,11,2698,8,2646,60,52
4/20/2018,Fri,a-3,11:25:00 AM,Kupandole,13,2711,10,2656,60,55
4/20/2018,Fri,a-3,11:35:00 AM,Thapathali,0,2711,2,2658,60,53
4/20/2018,Fri,a-3,11:45:00 AM,Tripureshwor,2,2713,1,2659,60,54
4/20/2018,Fri,a-3,12:05:00 PM,NAC,0,2713,8,2667,60,46
4/20/2018,Fri,a-3,12:25:00 PM,Jamal,0,2713,2,2669,60,44
4/20/2018,Fri,a-3,12:45:00 PM,Lazimpat,4,2717,2,2671,60,46
4/20/2018,Fri,a-3,12:55:00 PM,Panipokhari,0,2717,0,2671,60,46
4/20/2018,Fri,a-3,1:00:00 PM,Teaching,0,2717,7,2678,60,39
4/20/2018,Fri,a-3,1:10:00 PM,Narayan Gopal Chowk,24,2741,3,2681,60,60
4/20/2018,Fri,a-3,1:30:00 PM,Samakhusi,5,2746,5,2686,60,60
4/20/2018,Fri,a-3,1:35:00 PM,Gongabu,5,2751,5,2691,60,60
4/20/2018,Fri,a-3,1:40:00 PM,New Buspark,4,2755,4,2695,60,60
4/20/2018,Fri,a-4,11:15:00 AM,Lagankhel,0,2755,5,2700,60,55
4/20/2018,Fri,a-4,11:30:00 AM,Jawalakhel,6,2761,6,2706,60,55
4/20/2018,Fri,a-4,11:35:00 AM,Pulchowk,7,2768,2,2708,60,60
4/20/2018,Fri,a-4,11:50:00 AM,Kupandole,5,2773,5,2713,60,60
4/20/2018,Fri,a-4,12:00:00 PM,Thapathali,0,2773,0,2713,60,60
4/20/2018,Fri,a-4,12:10:00 PM,Tripureshwor,0,2773,5,2718,60,55
4/20/2018,Fri,a-4,12:20:00 PM,NAC,0,2773,1,2719,60,54
4/20/2018,Fri,a-4,12:30:00 PM,Jamal,7,2780,6,2725,60,55
4/20/2018,Fri,a-4,12:55:00 PM,Lazimpat,0,2780,0,2725,60,55
4/20/2018,Fri,a-4,1:05:00 PM,Panipokhari,0,2780,8,2733,60,47
4/20/2018,Fri,a-4,1:10:00 PM,Teaching,22,2802,9,2742,60,60
4/20/2018,Fri,a-4,1:20:00 PM,Narayan Gopal Chowk,0,2802,3,2745,60,57
4/20/2018,Fri,a-4,1:35:00 PM,Samakhusi,0,2802,8,2753,60,49
4/20/2018,Fri,a-4,1:40:00 PM,Gongabu,0,2802,3,2756,60,46
4/20/2018,Fri,a-4,1:45:00 PM,New Buspark,0,2802,1,2757,60,45
4/20/2018,Fri,a-5,12:00:00 PM,Lagankhel,6,2808,2,2759,60,49
4/20/2018,Fri,a-5,12:10:00 PM,Jawalakhel,0,2808,5,2764,60,44
4/20/2018,Fri,a-5,12:15:00 PM,Pulchowk,0,2808,1,2765,60,43
4/20/2018,Fri,a-5,12:25:00 PM,Kupandole,0,2808,7,2772,60,36
4/20/2018,Fri,a-5,12:30:00 PM,Thapathali,18,2826,7,2779,60,47
4/20/2018,Fri,a-5,12:40:00 PM,Tripureshwor,11,2837,9,2788,60,49
4/20/2018,Fri,a-5,12:50:00 PM,NAC,0,2837,6,2794,60,43
4/20/2018,Fri,a-5,1:10:00 PM,Jamal,10,2847,5,2799,60,48
4/20/2018,Fri,a-5,1:30:00 PM,Lazimpat,1,2848,3,2802,60,46
4/20/2018,Fri,a-5,1:40:00 PM,Panipokhari,0,2848,4,2806,60,42
4/20/2018,Fri,a-5,1:50:00 PM,Teaching,0,2848,6,2812,60,36
4/20/2018,Fri,a-5,2:00:00 PM,Narayan Gopal Chowk,23,2871,8,2820,60,51
4/20/2018,Fri,a-5,2:15:00 PM,Samakhusi,14,2885,10,2830,60,55
4/20/2018,Fri,a-5,2:20:00 PM,Gongabu,0,2885,1,2831,60,54
4/20/2018,Fri,a-5,2:25:00 PM,New Buspark,29,2914,28,2859,60,55
,,,,,,2716,2859,2859,,24903
